Prediction file: TSL.0_201201_2248/TSL.0_201201_2248_pred.txt
TPR: 0.71
FPR: 0.31200000000000006
Accuracy: 0.699
Error rate: 0.301
Precision: 0.6947162426614482
F-score: 0.7022749752720079
