Prediction file: models/Uni_simple_NoDrop_SP.4.2.2_1k/Test2_pred.txt
TPR: 1.0
FPR: 0.008333333333333304
Accuracy: 0.996
Error rate: 0.004
Precision: 0.9923664122137404
F-score: 0.9961685823754789
AUC: 0.99858
