Prediction file: models/Uni_simple_NoDrop_SP.4.2.2_1k/Test1_pred.txt
TPR: 0.924
FPR: 0.026000000000000023
Accuracy: 0.949
Error rate: 0.051
Precision: 0.9726315789473684
F-score: 0.9476923076923076
