Prediction file: models/BiGRU_NoDrop_SP.4.2.4_100k/Test1_pred.txt
TPR: 0.99998
FPR: 0.0
Accuracy: 0.99999
Error rate: 1e-05
Precision: 1.0
F-score: 0.9999899998999989
