Prediction file: models_lstm/UniLSTM_NoDrop_SP.4.2.2_10k/Test3_pred.txt
TPR: 1.0
FPR: 0.9994
Accuracy: 0.5003
Error rate: 0.4997
Precision: 0.500150045013504
F-score: 0.666800026672001
