Prediction file: models_lstm/UniLSTM_NoDrop_SL.4.2.4_10k/Test1_pred.txt
TPR: 1.0
FPR: 0.0008000000000000229
Accuracy: 0.9996
Error rate: 0.0004
Precision: 0.9992006394884093
F-score: 0.9996001599360256
