Prediction file: models/Uni_simple_NoDrop_SL.4.2.2_10k/Test2_pred.txt
TPR: 0.8894
FPR: 0.01880000000000004
Accuracy: 0.9353
Error rate: 0.0647
Precision: 0.979299713719445
F-score: 0.9321874017398596
