Prediction file: models_lstm/UniLSTM_NoDrop_SP.4.2.4_100k/Test3_pred.txt
TPR: 1.0
FPR: 0.6123000000000001
Accuracy: 0.69385
Error rate: 0.30615
Precision: 0.6202319667555666
F-score: 0.765608850438311
