Prediction file: models/UniGRU_NoDrop_TSL.2_100k/Test3_pred.txt
TPR: 1.0
FPR: 0.026880000000000015
Accuracy: 0.98656
Error rate: 0.01344
Precision: 0.9738236210657526
F-score: 0.986738238080202
