Prediction file: models_lstm/UniLSTM_NoDrop_TSL.2_10k/Test2_pred.txt
TPR: 0.089
FPR: 0.00039999999999995595
Accuracy: 0.5443
Error rate: 0.4557
Precision: 0.9955257270693513
F-score: 0.16339269322562877
