Prediction file: models_lstm/BiLSTM_NoDrop_TSL.2_10k/Test3_pred.txt
TPR: 0.3394
FPR: 0.023399999999999976
Accuracy: 0.658
Error rate: 0.342
Precision: 0.9355016538037486
F-score: 0.4980921631934253
