Prediction file: models/Uni_simple_NoDrop_SL.4.2.0_1k/Test2_pred.txt
TPR: 0.8653846153846154
FPR: 0.006249999999999978
Accuracy: 0.927
Error rate: 0.073
Precision: 0.9933774834437086
F-score: 0.9249743062692705
