Prediction file: models/BiGRU_NoDrop_SP.4.2.4_10k/Test3_pred.txt
TPR: 1.0
FPR: 0.61
Accuracy: 0.695
Error rate: 0.305
Precision: 0.6211180124223602
F-score: 0.7662835249042145
