Prediction file: models/Uni_lstm_NoDrop_SP.4.4.0_1k/Test1_pred.txt
TPR: 0.996
FPR: 0.0
Accuracy: 0.998
Error rate: 0.002
Precision: 1.0
F-score: 0.9979959919839679
AUC: 0.99995
