Prediction file: models/Uni_simple_NoDrop_SL.4.2.1_10k/Test3_pred.txt
TPR: 0.9878
FPR: 0.4182
Accuracy: 0.7848
Error rate: 0.2152
Precision: 0.7025604551920341
F-score: 0.8211138819617624
