Prediction file: models/Uni_simple_NoDrop_SL.4.2.1_10k/Test2_pred.txt
TPR: 0.9972
FPR: 0.3396
Accuracy: 0.8288
Error rate: 0.1712
Precision: 0.7459605026929982
F-score: 0.8534748373844574
