Prediction file: models/Uni_simple_NoDrop_SL.4.2.0_100k/Test2_pred.txt
TPR: 1.0
FPR: 0.07840000000000003
Accuracy: 0.9608
Error rate: 0.0392
Precision: 0.9272997032640949
F-score: 0.9622786759045419
