Prediction file: models/Uni_simple_NoDrop_SL.4.2.0_100k/Test2_pred.txt
TPR: 0.99992
FPR: 0.0
Accuracy: 0.99996
Error rate: 4e-05
Precision: 1.0
F-score: 0.9999599983999361
AUC: 1.0
