Prediction file: models/BiGRU_NoDrop_SL.4.2.1_10k/Test3_pred.txt
TPR: 1.0
FPR: 0.0010000000000000009
Accuracy: 0.9995
Error rate: 0.0005
Precision: 0.999000999000999
F-score: 0.9995002498750625
